1,75.88809061050415
2,37.81303811073303
3,27.912081003189087
4,22.79630947113037
5,20.225557327270508
6,18.23984384536743
7,17.045785188674927
8,16.196183443069458
9,16.447453022003174
10,16.085492849349976
11,16.621712923049927
12,15.53949522972107
13,15.019898891448975
14,14.47722840309143
15,14.44535207748413
16,14.584312200546265
17,14.572691917419434
18,14.419632911682129
19,14.405098915100098
20,14.494438648223877
21,14.691521644592285
22,14.568217754364014
23,14.459544897079468
24,14.5306236743927
25,14.585738182067871
