1,92.95418763160706
2,51.55107831954956
3,39.712486267089844
4,34.102256774902344
5,31.646128177642822
6,29.608182668685913
7,28.151955604553223
8,28.38787078857422
9,27.720837116241455
10,27.676270246505737
11,27.691027879714966
12,28.0363552570343
13,28.109331130981445
14,28.06713628768921
15,28.17850351333618
16,28.043840408325195
17,28.26502799987793
18,29.069459438323975
19,28.72594690322876
20,28.575819492340088
21,28.505796909332275
22,28.708466291427612
23,28.222480058670044
24,28.36543869972229
25,28.263317584991455
