1,159.4784710407257
2,91.33796215057373
3,76.69728136062622
4,69.05409574508667
5,65.73287963867188
6,64.9834496974945
7,63.91303610801697
8,63.26288032531738
9,65.56867003440857
10,65.46667218208313
11,63.94161033630371
12,66.23613715171814
13,69.07031178474426
14,68.64087796211243
15,69.59494805335999
16,68.1019036769867
17,68.0585868358612
18,67.59454393386841
19,69.19629549980164
20,69.30482912063599
21,70.38147950172424
22,75.69312024116516
23,73.10872840881348
24,71.59385776519775
25,71.6435797214508
